0
0.373134328358209
0.746268656716418
1.119402985074627
1.492537313432836
1.865671641791045
2.238805970149254
2.611940298507463
2.985074626865672
3.358208955223881
3.73134328358209
4.104477611940299
4.477611940298508
4.850746268656716
5.223880597014926
5.597014925373134
5.970149253731344
6.343283582089553
6.716417910447761
7.089552238805971
7.462686567164179
7.835820895522389
8.208955223880597
8.582089552238806
8.955223880597016
9.328358208955224
9.701492537313433
10.07462686567164
10.44776119402985
10.82089552238806
11.19402985074627
11.56716417910448
11.94029850746269
12.3134328358209
12.68656716417911
13.05970149253731
13.43283582089552
13.80597014925373
14.17910447761194
14.55223880597015
14.92537313432836
15.29850746268657
15.67164179104478
16.04477611940299
16.41791044776119
16.7910447761194
17.16417910447761
17.53731343283582
17.91044776119403
18.28358208955224
18.65671641791045
19.02985074626866
19.40298507462687
19.77611940298507
20.14925373134329
20.52238805970149
20.8955223880597
21.26865671641791
21.64179104477612
22.01492537313433
22.38805970149254
22.76119402985075
23.13432835820896
23.50746268656717
23.88059701492537
24.25373134328358
24.62686567164179
25
25.37313432835821
25.74626865671642
26.11940298507463
26.49253731343284
26.86567164179105
27.23880597014925
27.61194029850746
27.98507462686567
28.35820895522388
28.73134328358209
29.1044776119403
29.47761194029851
29.85074626865672
30.22388059701493
30.59701492537314
30.97014925373135
31.34328358208955
31.71641791044776
32.08955223880597
32.46268656716418
32.83582089552239
33.2089552238806
33.58208955223881
33.95522388059702
34.32835820895522
34.70149253731343
35.07462686567165
35.44776119402985
35.82089552238806
36.19402985074627
36.56716417910448
36.94029850746269
37.3134328358209
37.68656716417911
38.05970149253731
38.43283582089553
38.80597014925373
39.17910447761194
39.55223880597015
39.92537313432836
40.29850746268657
40.67164179104478
41.04477611940299
41.41791044776119
41.79104477611941
42.16417910447761
42.53731343283582
42.91044776119404
43.28358208955224
43.65671641791045
44.02985074626866
44.40298507462687
44.77611940298507
45.14925373134329
45.5223880597015
45.8955223880597
46.26865671641792
46.64179104477612
47.01492537313433
47.38805970149254
47.76119402985075
48.13432835820896
48.50746268656717
48.88059701492538
49.25373134328358
49.6268656716418
50
50.37313432835821
50.74626865671642
51.11940298507463
51.49253731343284
51.86567164179105
52.23880597014926
52.61194029850746
52.98507462686567
53.35820895522389
53.73134328358209
54.1044776119403
54.47761194029851
54.85074626865672
55.22388059701493
55.59701492537314
55.97014925373135
56.34328358208955
56.71641791044777
57.08955223880597
57.46268656716418
57.83582089552239
58.2089552238806
58.58208955223881
58.95522388059702
59.32835820895523
59.70149253731343
60.07462686567165
60.44776119402985
60.82089552238806
61.19402985074628
61.56716417910448
61.94029850746269
62.3134328358209
62.68656716417911
63.05970149253731
63.43283582089553
63.80597014925374
64.17910447761194
64.55223880597015
64.92537313432837
65.29850746268657
65.67164179104478
66.04477611940298
66.4179104477612
66.79104477611941
67.16417910447761
67.53731343283583
67.91044776119404
68.28358208955224
68.65671641791045
69.02985074626866
69.40298507462687
69.77611940298507
70.14925373134329
70.5223880597015
70.8955223880597
71.26865671641791
71.64179104477613
72.01492537313433
72.38805970149254
72.76119402985076
73.13432835820896
73.50746268656717
73.88059701492537
74.25373134328359
74.6268656716418
75
75.37313432835822
75.74626865671642
76.11940298507463
76.49253731343283
76.86567164179105
77.23880597014926
77.61194029850746
77.98507462686568
78.35820895522389
78.73134328358209
79.1044776119403
79.47761194029852
79.85074626865672
80.22388059701493
80.59701492537314
80.97014925373135
81.34328358208955
81.71641791044776
82.08955223880598
82.46268656716418
82.83582089552239
83.20895522388061
83.58208955223881
83.95522388059702
84.32835820895522
84.70149253731344
85.07462686567165
85.44776119402985
85.82089552238807
86.19402985074628
86.56716417910448
86.94029850746269
87.3134328358209
87.68656716417911
88.05970149253731
88.43283582089553
88.80597014925374
89.17910447761194
89.55223880597015
89.92537313432837
90.29850746268657
90.67164179104478
91.044776119403
91.4179104477612
91.79104477611941
92.16417910447761
92.53731343283583
92.91044776119404
93.28358208955224
93.65671641791046
94.02985074626866
94.40298507462687
94.77611940298507
95.14925373134329
95.5223880597015
95.8955223880597
96.26865671641792
96.64179104477613
97.01492537313433
97.38805970149254
97.76119402985076
98.13432835820896
98.50746268656717
98.88059701492539
99.25373134328359
99.6268656716418
100
