0
0.006697445467671152
0.02514479944751525
0.05194239529148185
0.08326576527152622
0.115783182435499
0.147211382175954
0.1763867871441628
0.2029189372111352
0.226635779534604
0.2470802621048481
0.2632662526829278
0.2737787082389007
0.2771607551425588
0.2724229739602384
0.2594735746083803
0.2393088177136502
0.2138988043690493
0.1858146989395454
0.1577281660931049
0.1319445299769404
0.1101024055533501
0.09310077267960232
0.08122986739488336
0.0744164664069015
0.07246860234469296
0.07522409094533636
0.08255935768877593
0.09427720710946919
0.1099404191840863
0.1287359960144713
0.1494388744240084
0.1705030815264235
0.1902599059697385
0.207165012904916
0.2200221846871827
0.228123476422638
0.2312772207055003
0.2297333697284654
0.2240460618555357
0.2149262076137003
0.2031297970286742
0.1894054822241905
0.1744976095044749
0.1591788919768133
0.1442778227229115
0.1306717009888577
0.1192330871494869
0.1107381887761927
0.1057620332691021
0.1045915813270958
0.1071826592386853
0.1131725507764607
0.1219429927404512
0.132714406349713
0.1446459566329559
0.156918763205027
0.1687892679767481
0.17961213668402
0.1888424023162246
0.1960314082457657
0.2008294281277299
0.2030010932753013
0.2024511218769257
0.1992508642164488
0.1936534343273067
0.1860874577844245
0.177125577749295
0.1674313643556226
0.1576944098049503
0.1485661363087693
0.1406075555388079
0.1342557323605595
0.1298098845121826
0.127433009610704
0.1271622588716017
0.1289215230935244
0.1325322928078789
0.1377224475846324
0.1441356618506461
0.1513454184057819
0.1588768073117283
0.1662368120510719
0.1729506960162211
0.1785996023401756
0.1828534697878175
0.1854941470291674
0.1864258031520647
0.1856725633210556
0.1833657944973709
0.17972489491516
0.1750355226200734
0.1696281521066745
0.1638582553091791
0.158087955065403
0.1526682326238665
0.1479208896080395
0.1441203018705955
0.1414761216939771
0.1401189710741399
0.1400914293338627
0.1413461180382464
0.1437515772770803
0.1471052712233707
0.151151881950861
0.1556043815585996
0.1601653479142171
0.1645465190549956
0.168485408528647
0.171758614367084
0.1741919939871117
0.1756680349476268
0.1761305800462893
0.1755867405583694
0.1741055706086271
0.171813048847157
0.1688831821079394
0.1655255466692843
0.1619701609577768
0.1584510547498809
0.1551901190093669
0.152382729805512
0.1501862819420263
0.1487122622326118
0.1480219865362049
0.1481257422226349
0.1489848798435165
0.1505163718006001
0.1525994316137855
0.1550838724373748
0.157799901716609
0.1605689689751265
0.163215127238995
0.1655761972680136
0.1675139125924209
0.1689222308362922
0.1697331434177114
0.1699195777685357
0.1694953059456889
0.1685120802099255
0.1670544498427132
0.1652328424286679
0.1631755194710712
0.1610199705750879
0.1589042350021356
0.1569585716787023
0.1552978582170084
0.1540150831548676
0.1531762826966572
0.1528172364744452
0.1529421552841832
0.153524462159512
0.1545095998706906
0.1558196206215487
0.1573591600492172
0.1590222948383526
0.160699745196313
0.1622859077695852
0.1636852755690302
0.1648178967142822
0.1656236222020701
0.1660649808433676
0.1661285933878096
0.165825102427385
0.1651876585024233
0.164269072804764
0.1631378240451787
0.1618731852996694
0.1605598043849872
0.1592821154150327
0.1581189695175072
0.1571388455097814
0.1563959404922851
0.1559273559395782
0.1557515002192664
0.1558677362348592
0.1562572221814617
0.1568848283891977
0.1577019636214012
0.1586501071419608
0.1596648153371912
0.1606799523645577
0.1616318843682458
0.1624633793130268
0.1631269728595972
0.1635875968786443
0.1638243202721647
0.1638311175805132
0.1636166526705977
0.1632031348055875
0.1626243654323776
0.1619231410205092
0.1611482079487353
0.1603509800640274
0.1595822301850942
0.1588889561701499
0.1583116025658209
0.1578817918319171
0.1576206854955444
0.1575380559215444
0.1576321047559223
0.1578900165381078
0.1582891886003726
0.1587990350274996
0.1593832270399367
0.1600022078653837
0.1606158088044584
0.1611857949790768
0.1616781828843687
0.1620651950060074
0.1623267466209961
0.1624513937627447
0.1624367069104884
0.1622890704596819
0.1620229419967347
0.1616596365113013
0.1612257275390909
0.1607511783384154
0.1602673300952293
0.1598048796510092
0.1593919757745493
0.1590525507798439
0.1588049844181973
0.1586611712683322
0.158626033597895
0.1586974912779947
0.1588668710135422
0.1591197107202293
0.1594368926683549
0.1597960219132398
0.1601729550820139
0.1605433790776492
0.1608843397867123
0.1611756273230001
0.1614009363237165
0.16154873662171
0.1616128101620372
0.1615924328961512
0.1614922039321386
0.1613215467492101
0.1610939272347797
0.1608258494021982
0.1605357010243488
0.1602425276324536
0.1599648143406382
0.1597193510531899
0.1595202483250022
0.1593781591807554
0.1592997473844101
0.1592874259168545
0.1593393717778302
0.1594498057469545
0.1596095094958438
0.1598065384564036
0.1600270779910367
0.1602563833219324
0.1604797407107488
0.160683388569953
0.160855342258914
0.1609860747375809
0.1610690162937264
0.1611008493880382
0.1610815883930346
0.1610144477678145
0.160905515195241
0.1607632576782748
0.1605978979219524
0.1604207050229305
0.1602432472136341
