0
0.0001663566427584499
0.001846664896517251
0.00744758378726576
0.01918909691856716
0.03797077748178336
0.06277593704774141
0.09080140744203265
0.1182194655373206
0.1412582618000921
0.1572015417824368
0.1649747460438382
0.1651633663517528
0.1595247720042158
0.1502253071457102
0.1391036075098656
0.1272146496626497
0.114776126965135
0.1014766659586899
0.08697602337342171
0.0713742852325376
0.05546158438828876
0.04066035083443369
0.02869526697181531
0.02112478548741854
0.01890882355220534
0.02216100429130051
0.03015667476334021
0.04157275082286821
0.05485824206741947
0.06860092705314839
0.08177344488731335
0.09379919476556152
0.1044501054590813
0.1136471384836544
0.1212604663558736
0.1269937190987353
0.1303942509727873
0.1309777256602421
0.1284112756267475
0.1226802540676974
0.1141737979212599
0.1036575298419506
0.09214356168867423
0.08070259731631065
0.07027864023345402
0.06155986906789913
0.05493445452334648
0.05052817155504312
0.04829375720086775
0.04810912339151384
0.0498457581343225
0.05338644884286164
0.058594803668037
0.06525873916852172
0.07303925317263231
0.08145208115152756
0.08989585345029889
0.09772222678383098
0.1043281735911134
0.1092434765204086
0.1121893285941923
0.1130948414952036
0.1120725808290949
0.1093665965831307
0.1052926850624368
0.1001893067651509
0.09439007349961047
0.08821846308255955
0.08199648171185127
0.07605450326185244
0.0707306346756081
0.06635366724897999
0.06321136971796569
0.06151248212036582
0.06135389694784345
0.06270327727639637
0.0654025400473786
0.06919122762729867
0.0737431813720905
0.07870698026483471
0.08374104657514307
0.08853760299885817
0.09283430010577128
0.09641651868943295
0.09911566100885121
0.1008085975015493
0.1014212160171542
0.1009358343207196
0.09939942914157528
0.09692827448879675
0.09370509541768009
0.08996692372152425
0.08598463066782876
0.08203756389191859
0.07838799520501867
0.07525984750430915
0.07282463174681665
0.07119533840437355
0.07042699493439701
0.07052137577890603
0.07143322281272073
0.07307616300298998
0.07532782881044374
0.07803490683729648
0.08101948054940795
0.08408788609695188
0.08704248074303426
0.08969559345242949
0.09188393980182473
0.09348130761215427
0.09440751358809817
0.0946324034752586
0.09417473362231503
0.09309677091246769
0.09149608121876916
0.08949610293903819
0.08723677116928232
0.08486586944283205
0.08253120034318982
0.08037330375369407
0.07851841603876587
0.07707161811918166
0.07611051672742274
0.07568014840712391
0.07578992993082949
0.07641333154798564
0.07749055950811852
0.0789340266718301
0.08063592443861144
0.08247692076192649
0.08433496333672487
0.08609334471448617
0.08764749876640306
0.08891032704951866
0.08981609563657132
0.0903230437079736
0.09041481265511826
0.09010069731900362
0.08941462002974628
0.08841270240877831
0.08716939104629053
0.08577226596193714
0.08431587213295393
0.08289509558736484
0.0815986982328953
0.08050360181072237
0.07967038114971807
0.07914023160578797
0.0789334709770846
0.07904947235630976
0.07946782983989441
0.0801505343734427
0.08104495929100715
0.0820874899572354
0.08320764845675623
0.08433254677004905
0.08539145441157005
0.08632020957906049
0.08706516401786983
0.08758635433993432
0.08785964661624394
0.0878777002614108
0.08764972129986033
0.08720009738112704
0.08656610330711727
0.08579492206405921
0.08494024105214275
0.08405866628170432
0.08320616464958748
0.08243471130118087
0.08178929478889853
0.08130541813296734
0.08100722261769759
0.08090634348239899
0.08100157430757209
0.08127936690338987
0.08171512982388089
0.08227522094930829
0.08291947011771382
0.08360402731673293
0.08428431655786338
0.08491788521750977
0.0854669678840798
0.08590062406571257
0.08619635189635126
0.08634111912415059
0.08633178580917529
0.08617492135248746
0.08588604464954229
0.08548834305004425
0.08501095427407883
0.08448692372557574
0.0839509738256851
0.08343723729864107
0.08297710888329925
0.08259735806819792
0.08231862036178068
0.08215435002494804
0.08211027823403823
0.08218438243263253
0.08236733907229481
0.08264340506350999
0.08299165326786757
0.08338747328494912
0.08380423935449334
0.08421504162705053
0.08459437544799599
0.08491968650179675
0.08517267876959332
0.0853403079251112
0.08541540470879826
0.08539689945412497
0.08528964776190869
0.08510388531249534
0.08485436413218249
0.08455924120120538
0.08423880208419886
0.08391410731314718
0.08360564835751187
0.08333209431964698
0.0831092010878801
0.0829489423733757
0.08285890735801592
0.08284199295931023
0.08289640045061834
0.08301592714456503
0.08319052521383948
0.08340708291989248
0.08365037001557697
0.0839040800961076
0.08415189890501652
0.08437852914212211
0.08457060865404893
0.0847174690596436
0.08481169470520784
0.08484945619745261
0.08483060762209753
0.08475855112828977
0.08463988622155165
0.08448387332984496
0.08430175147261836
0.08410595764218028
0.08390930029435904
0.08372414074700675
0.08356163412500274
0.08343107589544342
0.08333939146165702
0.08329079547052777
0.08328663536021501
0.08332542121456722
0.0834030321049359
0.08351307853689459
0.08364739192411681
0.0837966055345243
0.08395078728506274
0.0841000831730397
0.08423533100545245
0.08434860731945316
0.08443367577357443
0.08448631250626105
0.08450449254948643
0.08448843077504541
0.08444048038427797
0.08436490095615599
0.0842675159258333
0.08415528557633729
0.08403582585222032
0.0839169053852173
